%%% (Data source: Economic, LLC)
Month	1-year	2-year	3-year	4-year	5-year	7-year	10-year	30-year		
Jul-2000	7.05	7.12	7.14	7.15	7.17	7.2	7.24	7.2		
Aug-2000	6.95	6.98	6.99	7	7.02	7.04	7.07	7.05		
Sep-2000	6.8	6.79	6.81	6.83	6.86	6.92	7	7.04		
Oct-2000	6.7	6.65	6.67	6.7	6.73	6.8	6.88	6.94		
Nov-2000	6.65	6.58	6.61	6.66	6.7	6.78	6.85	6.91		
Dec-2000	6.18	6.06	6.07	6.11	6.14	6.2	6.27	6.41		
Jan-2001	5.38	5.44	5.56	5.66	5.74	5.87	6.02	6.26		
Feb-2001	5.14	5.28	5.44	5.57	5.68	5.84	6.01	6.29		
Mar-2001	4.77	4.95	5.17	5.33	5.46	5.65	5.82	6.14		
Apr-2001	4.51	4.81	5.12	5.33	5.5	5.75	6	6.41		
May-2001	4.29	4.8	5.19	5.45	5.64	5.9	6.15	6.49		
Jun-2001	4.06	4.63	5.08	5.37	5.58	5.85	6.07	6.41		
Jul-2001	3.99	4.58	5.05	5.36	5.57	5.84	6.05	6.38		
Aug-2001	3.73	4.27	4.74	5.06	5.29	5.57	5.8	6.18		
Sep-2001	3.05	3.69	4.2	4.56	4.82	5.18	5.49	6.04		
Oct-2001	2.52	3.2	3.8	4.21	4.5	4.9	5.24	5.84		
Nov-2001	2.4	3.2	3.84	4.27	4.57	4.95	5.25	5.74		
Dec-2001	2.44	3.56	4.33	4.8	5.11	5.5	5.82	6.2		
Jan-2002	2.37	3.42	4.18	4.66	4.98	5.37	5.71	6.11		
Feb-2002	2.45	3.39	4.08	4.54	4.87	5.28	5.62	6.08		
Mar-2002	2.88	3.96	4.58	4.98	5.26	5.64	5.95	6.31		
Apr-2002	2.8	3.84	4.45	4.85	5.13	5.51	5.83	6.23		
May-2002	2.66	3.65	4.25	4.65	4.93	5.33	5.67	6.17		
Jun-2002	2.45	3.39	3.97	4.36	4.65	5.06	5.42	6.01		
Jul-2002	2.14	2.95	3.56	3.99	4.31	4.76	5.17	5.87		
Aug-2002	1.9	2.51	3.08	3.52	3.88	4.37	4.81	5.54		
Sep-2002	1.86	2.38	2.84	3.2	3.51	3.99	4.44	5.2		
Oct-2002	1.81	2.32	2.81	3.2	3.53	4.05	4.54	5.35		
Nov-2002	1.64	2.26	2.79	3.2	3.52	4.03	4.53	5.37		
Dec-2002	1.57	2.17	2.73	3.14	3.47	3.99	4.48	5.31		
Jan-2003	1.48	2.04	2.61	3.07	3.44	3.97	4.47	5.31		
Feb-2003	1.4	1.9	2.46	2.92	3.29	3.82	4.33	5.17		
Mar-2003	1.32	1.82	2.36	2.8	3.17	3.7	4.22	5.1		
Apr-2003	1.36	1.87	2.43	2.9	3.29	3.83	4.34	5.18		
May-2003	1.26	1.6	2.05	2.47	2.84	3.38	3.91	4.81		
Jun-2003	1.09	1.4	1.8	2.19	2.56	3.11	3.66	4.64		
Jul-2003	1.21	1.66	2.23	2.73	3.15	3.76	4.32	5.21		
Aug-2003	1.42	2.15	2.84	3.38	3.82	4.42	4.95	5.71		
Sep-2003	1.34	2	2.65	3.18	3.61	4.19	4.71	5.49		
Oct-2003	1.42	2.08	2.69	3.19	3.6	4.17	4.7	5.47		
Nov-2003	1.52	2.23	2.84	3.31	3.67	4.19	4.68	5.42		
Dec-2003	1.5	2.22	2.83	3.29	3.66	4.16	4.65	5.38		
Jan-2004	1.42	2.07	2.65	3.11	3.48	4.01	4.5	5.29		
Feb-2004	1.41	2.05	2.63	3.09	3.45	3.97	4.46	5.25		
Mar-2004	1.33	1.87	2.38	2.81	3.16	3.68	4.19	5.05		
Apr-2004	1.63	2.38	2.97	3.43	3.78	4.28	4.75	5.47		
May-2004	2.03	2.9	3.53	3.98	4.33	4.79	5.21	5.8		
Jun-2004	2.36	3.17	3.71	4.1	4.4	4.83	5.22	5.8		
Jul-2004	2.34	3.04	3.52	3.88	4.16	4.57	4.96	5.58		
Aug-2004	2.28	2.87	3.31	3.65	3.93	4.34	4.74	5.42		
Sep-2004	2.38	2.87	3.25	3.54	3.79	4.17	4.56	5.26		
Oct-2004	2.48	2.91	3.25	3.53	3.76	4.13	4.52	5.2		
Nov-2004	2.82	3.22	3.5	3.73	3.93	4.26	4.61	5.25		
Dec-2004	3.02	3.38	3.61	3.81	3.99	4.29	4.63	5.25		
Jan-2005	3.22	3.57	3.78	3.95	4.09	4.33	4.61	5.12		
Feb-2005	3.39	3.72	3.9	4.03	4.14	4.32	4.53	4.95		
Mar-2005	3.7	4.1	4.31	4.45	4.56	4.73	4.91	5.26		
Apr-2005	3.74	4.06	4.24	4.36	4.46	4.61	4.79	5.14		
May-2005	3.76	4	4.13	4.22	4.29	4.42	4.58	4.94		
Jun-2005	3.82	3.97	4.05	4.11	4.17	4.27	4.4	4.72		
Jul-2005	4.08	4.22	4.3	4.36	4.41	4.49	4.6	4.87		
Aug-2005	4.27	4.42	4.48	4.52	4.56	4.62	4.71	4.93		
Sep-2005	4.23	4.31	4.36	4.4	4.43	4.52	4.62	4.9		
Oct-2005	4.58	4.67	4.71	4.75	4.78	4.84	4.93	5.15		
Nov-2005	4.79	4.84	4.88	4.91	4.94	5	5.07	5.27		
Dec-2005	4.84	4.85	4.87	4.89	4.92	4.96	5.01	5.19		
Jan-2006	4.85	4.81	4.8	4.81	4.83	4.87	4.92	5.08		
Feb-2006	5.08	5.06	5.05	5.05	5.06	5.08	5.09	5.13		
Mar-2006	5.19	5.17	5.16	5.18	5.19	5.22	5.26	5.32		
Apr-2006	5.33	5.32	5.33	5.35	5.39	5.45	5.52	5.65		
May-2006	5.4	5.4	5.42	5.44	5.48	5.55	5.63	5.77		
Jun-2006	5.6	5.57	5.56	5.57	5.59	5.62	5.67	5.76		
Jul-2006	5.66	5.59	5.57	5.58	5.6	5.63	5.68	5.76		
Aug-2006	5.49	5.35	5.3	5.31	5.33	5.37	5.43	5.54		
Sep-2006	5.38	5.19	5.13	5.13	5.15	5.2	5.25	5.37		
Oct-2006	5.37	5.19	5.15	5.15	5.16	5.21	5.26	5.4		
Nov-2006	5.3	5.09	5.03	5.01	5.02	5.05	5.11	5.23		
Dec-2006	5.25	5.02	4.94	4.93	4.94	4.97	5.03	5.18		
Jan-2007	5.38	5.23	5.16	5.15	5.16	5.19	5.25	5.37		
Feb-2007	5.38	5.22	5.15	5.14	5.15	5.18	5.24	5.37		
Mar-2007	5.22	4.99	4.92	4.92	4.95	5.01	5.1	5.28		
Apr-2007	5.3	5.06	5.01	5.02	5.05	5.12	5.21	5.42		
May-2007	5.36	5.17	5.12	5.12	5.14	5.2	5.29	5.48		
Jun-2007	5.46	5.43	5.46	5.5	5.55	5.62	5.7	5.86		
