# the first row: 20 tau's (time-to-maturity)
# the rest of rows: impvol at different dates.
0.08333333 0.18421053 0.28508772 0.38596491 0.48684211 0.58771930 0.68859649 0.78947368 0.89035088 0.99122807 1.09210526 1.19298246 1.29385965 1.39473684 1.49561404 1.59649123 1.69736842 1.79824561 1.89912281 2

0.5565442 0.5208267 0.4752883 0.4194618 0.3617874 0.3160966 0.2873939 0.2710155 0.2614769 0.2555932 0.2516868 0.2489925 0.2474783 0.2467482 0.2458797 0.2436023 0.2383002 0.2310068 0.2259429 0.2238535
0.4786264 0.44578 0.4055515 0.3587364 0.313503 0.2807012 0.2623375 0.2532822 0.2488432 0.2464846 0.2448581 0.2432994 0.2420414 0.2412891 0.2404554 0.2384135 0.2337377 0.2273875 0.2230288 0.2212421
0.3385397 0.3314451 0.3183661 0.2984913 0.2754648 0.2558018 0.2429968 0.2363578 0.2336593 0.2329275 0.2329727 0.2332219 0.2333475 0.2331407 0.2321946 0.2293185 0.2230610 0.2155118 0.2108786 0.2090930
0.3329461 0.3275573 0.3157652 0.2966434 0.2740309 0.2547332 0.242382 0.2362958 0.2341521 0.2337732 0.2336265 0.2328898 0.2318810 0.2311253 0.2301884 0.2279115 0.2230223 0.2170341 0.2133012 0.2118504
0.3395884 0.3322360 0.3181244 0.2966385 0.2722831 0.2522332 0.2397103 0.2334389 0.2309289 0.2302499 0.2303632 0.2308018 0.2311424 0.2310499 0.2301405 0.2272920 0.2212235 0.2141657 0.2099714 0.2083819
0.3811612 0.3623055 0.3364885 0.3050375 0.2749456 0.2533404 0.2411109 0.2353095 0.2329982 0.2322261 0.2318525 0.2313336 0.2307622 0.2302427 0.229274 0.2266775 0.2213039 0.2151925 0.2116246 0.2102846
0.3886453 0.3663974 0.3371951 0.3029817 0.2715888 0.2501495 0.2387743 0.2339098 0.2323797 0.2321381 0.2319362 0.2311724 0.2302360 0.2295069 0.2284283 0.225709 0.2201845 0.214014 0.2104639 0.2091403
0.3453843 0.3369625 0.3207903 0.2968883 0.270779 0.2499697 0.2374083 0.2315297 0.2295538 0.2292605 0.2293216 0.2291122 0.2286704 0.2280664 0.22664 0.2227680 0.2152104 0.2073324 0.2030499 0.2014971
0.3336205 0.325958 0.3103655 0.2875601 0.2636682 0.2456248 0.2352992 0.2307148 0.2292968 0.2291190 0.2289427 0.2281845 0.2272346 0.2263517 0.2246929 0.2203838 0.2121263 0.2036880 0.1991703 0.1975441
0.3478824 0.3385399 0.3209318 0.2954480 0.2682229 0.2470707 0.2347522 0.2293578 0.227858 0.2279164 0.2281589 0.2279561 0.2274318 0.2266811 0.224865 0.2199424 0.2104479 0.2007135 0.1954903 0.1936082
0.368048 0.3536477 0.3304432 0.2999032 0.2694889 0.2470938 0.2346124 0.2294214 0.2281217 0.2281553 0.2279023 0.2267516 0.2254583 0.2243364 0.2222792 0.2170971 0.2077712 0.1989821 0.1945547 0.1930054
0.3817234 0.3626678 0.3358474 0.3030498 0.2718311 0.2495936 0.2374444 0.2322989 0.2307279 0.2302712 0.2293170 0.2274209 0.225689 0.2243528 0.2220330 0.2163218 0.2063831 0.1973897 0.1929896 0.1914698
0.3619141 0.3456625 0.3219353 0.2933897 0.267065 0.2486808 0.2386941 0.2345337 0.2334189 0.2333507 0.2330795 0.2321471 0.231128 0.2302046 0.2284187 0.2238995 0.215868 0.2084266 0.2047245 0.2034362
0.3484393 0.3349200 0.3147259 0.2903656 0.2679002 0.2520595 0.2432341 0.2393364 0.2380639 0.2377314 0.2372717 0.2363493 0.2354700 0.2346802 0.2330873 0.2289834 0.2215500 0.2145066 0.2109451 0.2096967
0.4434185 0.4214528 0.3922803 0.3563668 0.3184643 0.2867136 0.2659863 0.254752 0.2490617 0.2457332 0.2427542 0.2398256 0.2379459 0.236801 0.2350183 0.2306437 0.2228552 0.2155971 0.2119702 0.2107055
0.3286987 0.3155804 0.2996287 0.2816847 0.2640458 0.2498724 0.2410413 0.2369602 0.2356755 0.2352777 0.2343530 0.2325944 0.2310688 0.2299119 0.2278980 0.2230628 0.2151014 0.2083560 0.2052024 0.2041344
0.349824 0.3342091 0.3144458 0.2912870 0.2679204 0.2491111 0.2375260 0.2320873 0.2301159 0.2293692 0.2284490 0.2270687 0.2258991 0.2247649 0.2222964 0.2162827 0.2068298 0.1992639 0.1958580 0.1947228
0.3448481 0.3283633 0.307971 0.2847953 0.2622315 0.2447011 0.2342307 0.2294707 0.2278963 0.2275984 0.2275563 0.2273709 0.227019 0.2262401 0.2239832 0.2183334 0.2095726 0.2026904 0.1996299 0.1986149
0.4840204 0.4559997 0.4200649 0.3777022 0.3350291 0.3005074 0.2780523 0.2653865 0.2583804 0.2536465 0.2488093 0.243935 0.2408812 0.2391106 0.2365188 0.2304327 0.2202905 0.2115490 0.2074135 0.2060059
0.3737959 0.3521092 0.3251817 0.2951811 0.2673731 0.2473121 0.2363682 0.2319161 0.230594 0.2299354 0.2284042 0.2261432 0.2245042 0.2233429 0.2213211 0.2166203 0.2093989 0.2037402 0.2012265 0.2003932
0.3378480 0.3258976 0.3081347 0.2852846 0.2615296 0.2428611 0.232061 0.2274946 0.2261244 0.2255661 0.2243598 0.222549 0.2211827 0.2200332 0.2177319 0.2124079 0.2046519 0.1989216 0.1964678 0.1956663
0.3075094 0.2983736 0.2861695 0.2707987 0.2540873 0.2397796 0.2305624 0.2260805 0.2243889 0.2237598 0.2231718 0.2224191 0.2217131 0.2206098 0.2176747 0.2108234 0.2013312 0.1946918 0.1919404 0.1910533
0.3018405 0.2945043 0.2838218 0.2694959 0.2533396 0.2392984 0.2302583 0.2259365 0.2244086 0.2240149 0.2238362 0.2235562 0.2231293 0.2221181 0.2191829 0.2123327 0.2029905 0.1965622 0.1939237 0.1930761
0.3164552 0.3064689 0.2925167 0.2745531 0.2550655 0.2386588 0.228253 0.2231971 0.2212949 0.2208348 0.2209618 0.2211707 0.2210354 0.2200517 0.2168627 0.2093479 0.1991112 0.1920823 0.1892010 0.1882759
0.3147320 0.3061408 0.2933425 0.2764005 0.2579074 0.2423636 0.2325032 0.2276383 0.2256071 0.2245789 0.2235073 0.2223873 0.2214811 0.2201012 0.2164732 0.2083821 0.1979946 0.1912408 0.1885555 0.1877032
0.3001774 0.2921883 0.2805623 0.2652831 0.2486644 0.2348583 0.2263725 0.2225142 0.2212031 0.2206668 0.2198846 0.2188955 0.2180496 0.2167572 0.2134013 0.2060978 0.1970647 0.1913881 0.1891725 0.1884741
0.2711368 0.2675000 0.2618738 0.253882 0.2444598 0.2359449 0.2301405 0.2270167 0.2254003 0.2238697 0.2214506 0.2189645 0.2174634 0.2162318 0.2137097 0.2082086 0.2010527 0.1963287 0.1944341 0.1938309
0.2873477 0.2810854 0.2718271 0.2592432 0.2450433 0.2328158 0.2250169 0.2212855 0.2198611 0.2191455 0.2182190 0.2171910 0.2163506 0.2150405 0.2116338 0.2043749 0.1956982 0.1904092 0.188378 0.1877415
0.4546054 0.4044464 0.3537635 0.3072588 0.2705620 0.2466533 0.233756 0.2277289 0.22496 0.2230236 0.2206220 0.2183224 0.216927 0.2156687 0.2129573 0.2071347 0.1998393 0.1951911 0.1933631 0.1927852
0.3003428 0.2908188 0.2779007 0.2619662 0.245544 0.2323970 0.2244325 0.2207140 0.2192329 0.2183265 0.2171033 0.2158489 0.2149061 0.2135326 0.2100897 0.2031534 0.1954965 0.1911337 0.1895150 0.189014
0.2915895 0.2841664 0.2742678 0.2614245 0.2468245 0.2337673 0.2251127 0.220895 0.2192639 0.2182835 0.2168282 0.2152928 0.2141754 0.2126535 0.2089372 0.2015761 0.1936166 0.1891567 0.1875155 0.1870091
0.3081853 0.2952481 0.2798425 0.2623001 0.2449484 0.2312695 0.2228925 0.2187518 0.2168543 0.2155766 0.2140929 0.2127479 0.2117833 0.2103569 0.2067921 0.1998014 0.1923806 0.1882849 0.1867889 0.1863284
0.2873975 0.2795072 0.269136 0.256252 0.2426727 0.2315345 0.2245696 0.2211155 0.2195331 0.2183686 0.2168686 0.2154802 0.2145007 0.2130928 0.2096198 0.2029044 0.1959036 0.1920946 0.1907128 0.1902886
0.306461 0.2992026 0.2881966 0.2734445 0.2573163 0.2437103 0.2347913 0.2299137 0.2272509 0.2250646 0.2224935 0.2203614 0.2190987 0.2176775 0.2143567 0.2077253 0.2004223 0.1962669 0.1947260 0.1942493
0.3136072 0.3044070 0.2928763 0.2783623 0.2616326 0.2461007 0.2353140 0.2295446 0.2268335 0.2253457 0.2242058 0.2233947 0.2227066 0.2212807 0.2174734 0.2101326 0.2025986 0.1985525 0.197094 0.1966471
0.4485624 0.4170012 0.3835293 0.3490271 0.3157811 0.2881196 0.2691276 0.2577676 0.2506471 0.2443397 0.2376535 0.2329076 0.2305709 0.228588 0.2244949 0.2167355 0.2086449 0.2042350 0.2026338 0.2021419
0.3141883 0.3078864 0.2984078 0.2848568 0.2681567 0.2521015 0.2404557 0.2336589 0.2298381 0.2269687 0.2242202 0.2222883 0.2210941 0.2193512 0.2151175 0.2074684 0.2001910 0.1964986 0.1952022 0.1948086
0.3153283 0.3079998 0.2975059 0.2828025 0.2646078 0.2470247 0.2345831 0.2278659 0.2245644 0.2223470 0.220227 0.2186846 0.2176433 0.2159672 0.2118486 0.2045356 0.1977444 0.1943594 0.1931804 0.1928234
0.3055916 0.2977189 0.2871287 0.2731375 0.2567243 0.2416039 0.2313217 0.2259543 0.2234463 0.2219435 0.2206443 0.2196687 0.2187377 0.2166867 0.2115449 0.2030371 0.1958242 0.1924518 0.1913096 0.190967
0.3122738 0.3015228 0.2880835 0.2718263 0.2546190 0.2403508 0.231427 0.2269247 0.2246495 0.2228754 0.2210596 0.2197141 0.2185811 0.2162896 0.2106683 0.2015402 0.1939551 0.1904556 0.1892771 0.1889242
0.3058525 0.2979039 0.2869642 0.2725864 0.2563994 0.2423325 0.2331120 0.2281714 0.2255436 0.2236363 0.2219395 0.2207788 0.2197936 0.2177386 0.2127101 0.2046778 0.1981310 0.1951487 0.1941498 0.1938512
0.3154372 0.3054932 0.2921995 0.2754078 0.2574612 0.2428550 0.2340491 0.2297739 0.2274639 0.2250704 0.2222674 0.2202699 0.2188920 0.216566 0.2111366 0.2026455 0.1958562 0.1928010 0.1917827 0.1914789
0.5525986 0.5033917 0.4510316 0.3974177 0.3476482 0.3093388 0.2857104 0.2729342 0.2647363 0.2557504 0.2454128 0.2384127 0.2350298 0.2320156 0.2260319 0.2162354 0.2077750 0.2037611 0.2023931 0.2019818
0.2853421 0.2801228 0.2722983 0.2611418 0.2481119 0.2369241 0.2300362 0.2267511 0.2250237 0.2231062 0.2207154 0.2188996 0.2173721 0.2143601 0.2075229 0.1978564 0.1909285 0.1880154 0.1870708 0.1867914
0.51262 0.4588948 0.4036038 0.349763 0.3033120 0.2706966 0.2524627 0.2434901 0.2381899 0.2328227 0.2272788 0.2238257 0.2219713 0.2196084 0.2144219 0.2063470 0.1998767 0.1969595 0.1959865 0.1956961
0.2833433 0.2784946 0.270952 0.2602692 0.2481318 0.2380585 0.2320643 0.2292503 0.2275512 0.2251917 0.2221806 0.2200298 0.2184908 0.2158200 0.2098922 0.201538 0.1955561 0.1930418 0.1922266 0.1919854
0.5276997 0.4635648 0.4003469 0.3424325 0.2960826 0.2657601 0.2494869 0.2414152 0.2364293 0.2313358 0.2261844 0.2229938 0.2211473 0.2184978 0.2127753 0.2045990 0.1986401 0.1961083 0.1952839 0.1950397
0.5439993 0.4785598 0.4138383 0.3543492 0.3065342 0.2748944 0.2574141 0.2482542 0.2421914 0.2357616 0.2291739 0.2250915 0.2228767 0.2200347 0.2141242 0.2058547 0.1999367 0.1974489 0.1966422 0.1964036
0.7345626 0.6155098 0.504634 0.4092150 0.3372982 0.2922475 0.2683519 0.2560800 0.247799 0.2389251 0.2304254 0.2255919 0.2231876 0.2203683 0.2146958 0.2069279 0.2014737 0.1992060 0.1984739 0.1982576
0.6178817 0.5276563 0.4433803 0.3702214 0.3146278 0.2795989 0.2608497 0.2509934 0.2439916 0.2361598 0.2286410 0.2243902 0.2222266 0.2195646 0.2141884 0.2069477 0.2019537 0.1998991 0.1992384 0.1990435
0.3455536 0.3315682 0.3141067 0.2932898 0.2721563 0.2554307 0.2450749 0.2393865 0.2355551 0.2315252 0.2277504 0.2255362 0.2240103 0.2212795 0.2154469 0.2078725 0.2028702 0.2008633 0.2002241 0.2000361
0.3330208 0.3214154 0.3062749 0.2874874 0.2678618 0.2522 0.2427218 0.2378245 0.2347466 0.2315341 0.2284907 0.2266369 0.2251408 0.222137 0.2156689 0.2073961 0.2020189 0.1998809 0.1992023 0.1990029
0.3127881 0.3057700 0.2945991 0.2789581 0.2619354 0.2486965 0.2413248 0.2378345 0.2350828 0.2309684 0.2267242 0.2241875 0.2222858 0.2186891 0.2111739 0.2018886 0.1960365 0.1937482 0.1930264 0.1928148
0.3088052 0.301218 0.2896901 0.2742313 0.2579991 0.2453109 0.2370475 0.2307821 0.2247485 0.2202553 0.2192861 0.2206915 0.2218004 0.2201961 0.2140554 0.2060725 0.201196 0.1993368 0.1987562 0.1985864
0.3073051 0.300064 0.2888575 0.2737358 0.2577959 0.2452126 0.2367995 0.2302101 0.2238634 0.2192396 0.2182916 0.2197502 0.2209140 0.219402 0.2134960 0.2059122 0.2013393 0.1996074 0.1990678 0.1989102
0.2982728 0.2938175 0.2852475 0.2723005 0.2577015 0.2455275 0.2368807 0.2298073 0.2230121 0.2181680 0.2172725 0.2188845 0.2201221 0.2184846 0.2122302 0.2043343 0.1996353 0.1978669 0.1973171 0.1971566
0.4129647 0.39027 0.3627650 0.3307049 0.2982109 0.2711067 0.2514739 0.2374767 0.2274807 0.2216266 0.2198650 0.2205544 0.2214669 0.2204779 0.2158510 0.2095124 0.2055579 0.2040418 0.2035683 0.2034300
0.2933284 0.2896658 0.2813046 0.2683118 0.2539013 0.2420476 0.2335148 0.2266755 0.2209751 0.2176763 0.2174472 0.2189395 0.2199407 0.2180453 0.2117171 0.2044826 0.2005238 0.1990982 0.1986625 0.198536
0.4450242 0.4174261 0.3849882 0.3481792 0.3119633 0.28285 0.2625219 0.2481890 0.2377123 0.2313271 0.2290885 0.2292552 0.2295166 0.2275987 0.2216543 0.2141458 0.2096254 0.2079180 0.2073875 0.2072327
0.4238438 0.3931309 0.3591039 0.3235863 0.2914481 0.2668558 0.2493931 0.2363248 0.2265741 0.220971 0.2195529 0.2204685 0.2213848 0.2201536 0.2153698 0.2095901 0.2063151 0.2051162 0.2047475 0.2046402
0.3526873 0.3309581 0.3060282 0.2797952 0.2570070 0.2412706 0.2314318 0.2243467 0.2188798 0.2159282 0.2157827 0.2170890 0.2179540 0.2164206 0.2113407 0.2056623 0.2026086 0.2015173 0.2011846 0.201088
0.466863 0.4339057 0.3959083 0.3539749 0.3141256 0.2832376 0.2623328 0.2479095 0.2375487 0.2313583 0.2292629 0.2294751 0.2296519 0.2274329 0.2212391 0.2141748 0.2102537 0.2088305 0.2083944 0.2082678
0.4603072 0.4179485 0.3724708 0.3272682 0.2891251 0.2625232 0.24572 0.2345448 0.2269549 0.2231075 0.2226624 0.2237902 0.2242883 0.2219069 0.2156588 0.2093472 0.2061568 0.2050472 0.2047119 0.2046149
0.4768953 0.4338666 0.3873383 0.340173 0.2991936 0.2696435 0.2503889 0.2373524 0.2284883 0.2239124 0.2231063 0.224092 0.2246464 0.2226227 0.2170216 0.2112322 0.2082658 0.2072279 0.2069136 0.2068226
0.5342312 0.4830417 0.4275849 0.3710022 0.3218728 0.2871723 0.2652885 0.2503849 0.2393217 0.2324161 0.2298168 0.2296769 0.2294577 0.226586 0.2197985 0.2129072 0.2093769 0.2081410 0.2077668 0.2076586
0.5226291 0.4692071 0.4119717 0.3542843 0.3045306 0.2694139 0.2477463 0.2342984 0.2258245 0.2216742 0.2210436 0.2219421 0.2221235 0.2192951 0.2127735 0.2066815 0.2037500 0.2027516 0.2024521 0.2023656
0.2951361 0.2894788 0.2787401 0.2637921 0.2486719 0.2370228 0.2286415 0.2217668 0.2164381 0.214012 0.2145118 0.2162033 0.2169873 0.2147535 0.2088969 0.2033022 0.2005891 0.1996616 0.1993827 0.1993021
0.4858486 0.4232028 0.3605471 0.3051845 0.2658015 0.2436214 0.2319110 0.2243345 0.2191866 0.2172107 0.2180408 0.2197045 0.2198001 0.2157200 0.2074974 0.2006656 0.1976096 0.1965990 0.1962986 0.1962122
0.3319294 0.3165487 0.2970192 0.2747269 0.2544091 0.2397057 0.2298062 0.2224723 0.2174156 0.2155505 0.2164207 0.2180979 0.2184907 0.2154851 0.2089335 0.2032464 0.2006349 0.1997615 0.1995008 0.1994256
0.3114699 0.3012780 0.2866060 0.2686772 0.2517343 0.2390376 0.2299106 0.2226554 0.2176702 0.2163044 0.2180754 0.2206896 0.2215404 0.2179907 0.2101768 0.2036505 0.2007387 0.1997764 0.1994902 0.1994077
0.3210661 0.3150323 0.3041288 0.2889193 0.2723486 0.2573635 0.2447008 0.2341785 0.2267767 0.2237947 0.2243892 0.2259409 0.2256336 0.2205306 0.2108239 0.2029118 0.1993985 0.1982394 0.1978951 0.1977959
0.3219113 0.3157352 0.3047223 0.2896917 0.2737567 0.2597148 0.2480142 0.238374 0.2317689 0.2293201 0.2301022 0.2316637 0.2313645 0.2264982 0.217658 0.2108093 0.2078632 0.2069035 0.2066195 0.2065378
0.3119797 0.3063039 0.2981524 0.2875655 0.2752834 0.2625152 0.2503154 0.2397677 0.2326170 0.2299975 0.2306797 0.2319782 0.2309889 0.2247289 0.2144502 0.2069738 0.2038648 0.2028651 0.2025706 0.2024860
0.3480357 0.3371072 0.322614 0.3045878 0.2844867 0.2651014 0.2488248 0.2366696 0.2294129 0.2272903 0.2286126 0.2305867 0.2304538 0.2256056 0.2172336 0.2111583 0.2086452 0.2078384 0.2076007 0.2075324
0.3059298 0.2998969 0.2917088 0.2816487 0.2705853 0.2595483 0.2492130 0.2403836 0.234596 0.232757 0.2336785 0.2350722 0.2346466 0.2301488 0.2225257 0.2169349 0.2146018 0.2138503 0.2136286 0.2135650
0.3156302 0.3076709 0.2969705 0.2840231 0.2702602 0.2572965 0.2458819 0.2364757 0.2303399 0.2283076 0.2291482 0.230508 0.2300458 0.2254814 0.2177780 0.2121362 0.2097826 0.2090245 0.2088009 0.2087367
0.4492878 0.4289447 0.4030598 0.3725818 0.3406711 0.3115321 0.2876033 0.2691145 0.2564846 0.2501914 0.2485654 0.2485853 0.2474408 0.2425115 0.2341845 0.2277577 0.2249799 0.2240727 0.2238041 0.2237269
0.3474 0.3317552 0.3139402 0.2950347 0.2768937 0.2611452 0.2482654 0.2384392 0.2325476 0.2309022 0.2319704 0.2333264 0.2325118 0.2274015 0.2200096 0.2152582 0.2134119 0.2128326 0.2126631 0.2126146
0.3462587 0.3306105 0.3124335 0.2928278 0.2739532 0.2579137 0.2454271 0.2364816 0.2315239 0.2305023 0.2317579 0.2329478 0.2316818 0.2258820 0.2179246 0.2129407 0.2110265 0.2104283 0.2102536 0.2102035
0.3622038 0.3440342 0.3231244 0.3009108 0.2798891 0.2621108 0.2479234 0.2372471 0.2309047 0.2291058 0.2300515 0.2310890 0.2295127 0.2230549 0.2144255 0.2091087 0.2070825 0.2064511 0.2062668 0.206214
0.3570256 0.3394594 0.3199851 0.2997017 0.2804415 0.2637632 0.2501038 0.2397569 0.2337250 0.2321663 0.2332289 0.2342975 0.2327438 0.2264354 0.2181551 0.2131296 0.2112285 0.2106376 0.2104652 0.2104159
0.3458195 0.3297857 0.3108151 0.2904127 0.2714291 0.2562296 0.2449786 0.2370569 0.2327382 0.2320039 0.2333450 0.2346334 0.2337519 0.229047 0.2227804 0.2189993 0.2175750 0.2171328 0.2170038 0.2169668
0.3197971 0.3101220 0.2987586 0.2859626 0.2725497 0.2596664 0.2482856 0.2394783 0.2345538 0.2336279 0.2349461 0.2361442 0.2348919 0.2295822 0.2230577 0.2193346 0.2179686 0.2175484 0.2174261 0.2173911
0.4983997 0.4674113 0.4308839 0.3913819 0.3538185 0.3223163 0.2970414 0.2765889 0.2618462 0.254098 0.2515675 0.2507691 0.2483710 0.2417995 0.2332744 0.2279687 0.2259292 0.2252916 0.2251054 0.225052
0.3240708 0.3148036 0.3024054 0.2874679 0.2717386 0.2571060 0.2445089 0.2348613 0.2296685 0.2290659 0.2309098 0.2324724 0.2312408 0.2256304 0.2188377 0.2150161 0.2136221 0.2131937 0.2130691 0.2130335
0.3732334 0.3557179 0.3337378 0.3078977 0.2814694 0.2593110 0.243756 0.2341108 0.2294296 0.2286019 0.2296411 0.2304023 0.2288071 0.2235084 0.2173712 0.2139742 0.2127442 0.2123675 0.2122581 0.2122268
0.2943711 0.2898426 0.2834919 0.274888 0.2641590 0.2522671 0.2407352 0.2315959 0.2268792 0.2266545 0.2286415 0.2300312 0.228106 0.2212952 0.213597 0.2094372 0.2079473 0.2074925 0.2073604 0.2073227
0.3578607 0.3382620 0.3169126 0.2951190 0.2748130 0.2573809 0.2430857 0.2324073 0.2265144 0.2251826 0.2261010 0.2264935 0.2236149 0.2161798 0.2085729 0.2046819 0.2033209 0.2029089 0.2027896 0.2027555
0.418449 0.3822174 0.3436721 0.3069047 0.2771476 0.2563252 0.2421909 0.2328494 0.2285302 0.2288081 0.2311729 0.2324510 0.2294083 0.2209666 0.2127357 0.2087071 0.2073257 0.2069100 0.2067899 0.2067556
0.298776 0.2948521 0.2888370 0.2806194 0.2706703 0.259871 0.2492263 0.2403597 0.2352660 0.2342755 0.2354476 0.2361449 0.2337305 0.2272058 0.2207597 0.2175683 0.2164684 0.216137 0.2160412 0.2160138
0.3076609 0.3024545 0.2951898 0.2858300 0.2749907 0.2637185 0.2530786 0.2445795 0.2399509 0.2392262 0.240361 0.2408041 0.2380091 0.2311626 0.2246406 0.2214709 0.2203865 0.2200606 0.2199664 0.2199395
0.5724 0.5149543 0.4522642 0.3905616 0.3389725 0.3027957 0.2797187 0.2651717 0.2570424 0.2540241 0.2536920 0.2533651 0.2504781 0.2437114 0.2367520 0.2331442 0.231874 0.2314887 0.2313772 0.2313453
0.60443 0.5220811 0.4400549 0.3671159 0.3128092 0.2793882 0.2604677 0.2494999 0.2439089 0.2422935 0.2424886 0.2421208 0.2387837 0.2319077 0.2257691 0.2228846 0.2219116 0.2216206 0.2215368 0.2215128
0.6722003 0.5684093 0.4683173 0.3813832 0.3178672 0.2797897 0.2590976 0.2475204 0.2416533 0.2398594 0.2399158 0.2393992 0.2358509 0.2288157 0.2227007 0.2198738 0.2189267 0.2186442 0.2185628 0.2185395
0.4793541 0.4195929 0.3654011 0.3201618 0.2865069 0.2637001 0.2482523 0.238036 0.2329740 0.2321686 0.2332051 0.2335216 0.2307626 0.2246296 0.219275 0.2168134 0.2159899 0.2157441 0.2156732 0.2156529
0.2953636 0.2918433 0.2866188 0.2789530 0.2687707 0.2570666 0.2455158 0.2363612 0.2316301 0.2310681 0.2322098 0.2321305 0.2279332 0.2196021 0.2127247 0.2096588 0.2086462 0.2083452 0.2082586 0.2082338
0.292884 0.2892862 0.2840443 0.2765286 0.2666745 0.2553399 0.2440855 0.2351645 0.2306420 0.2302908 0.2316456 0.2317261 0.2275851 0.2193153 0.2125749 0.2095994 0.2086206 0.20833 0.2082464 0.2082225
0.4263938 0.3995362 0.3708786 0.3407807 0.3099594 0.2808228 0.2570493 0.2412347 0.2335166 0.2315261 0.2317514 0.2308875 0.2259955 0.2177511 0.2116514 0.2090964 0.2082732 0.2080306 0.2079609 0.2079410
0.3168708 0.3071051 0.2962882 0.2839435 0.2699095 0.2550991 0.2414230 0.2312788 0.2262982 0.2255440 0.2262111 0.2252688 0.2198286 0.2107950 0.2041469 0.201364 0.2004668 0.2002022 0.2001262 0.2001046
0.4364869 0.4070987 0.3760730 0.3443354 0.3134111 0.2857466 0.263517 0.2478725 0.2391086 0.2358071 0.2350352 0.2336388 0.2287463 0.2209251 0.2152152 0.2128352 0.21207 0.2118447 0.21178 0.2117616
0.2915358 0.2873615 0.2820730 0.2747872 0.2647923 0.2526516 0.2406228 0.2317584 0.2279108 0.2280905 0.2294789 0.2290251 0.2238793 0.2152276 0.2090086 0.2064485 0.2056284 0.2053870 0.2053176 0.2052979
0.409175 0.3837627 0.3570596 0.3292570 0.3007522 0.2736389 0.2515752 0.2372973 0.2307530 0.2293001 0.2295892 0.2287744 0.2244960 0.2176640 0.2128241 0.2108423 0.2102088 0.2100225 0.209969 0.2099537
0.4366573 0.398841 0.3590469 0.3200941 0.2858187 0.2595529 0.2419539 0.2318318 0.2276349 0.2270640 0.2274531 0.2263318 0.2215593 0.2145701 0.2099169 0.2080722 0.2074894 0.2073187 0.2072697 0.2072557
0.3429361 0.3268497 0.3097534 0.2916073 0.2730810 0.2558062 0.2416712 0.2324414 0.2287191 0.2287153 0.2294480 0.2279518 0.2217647 0.2132097 0.2077872 0.2056909 0.2050343 0.2048424 0.2047874 0.2047717
0.3236952 0.3147518 0.3033683 0.2892477 0.2728393 0.2559071 0.2411125 0.2310822 0.2268024 0.2265348 0.2272675 0.2260513 0.2205287 0.2128416 0.2079895 0.2061195 0.2055344 0.2053633 0.2053143 0.2053004
0.5094177 0.4658489 0.4219751 0.3792314 0.3395017 0.3050424 0.2774408 0.2579849 0.2472965 0.2432565 0.2418765 0.2391638 0.2319073 0.2222059 0.2160129 0.2136048 0.2128495 0.2126288 0.2125656 0.2125476
0.4505418 0.4089854 0.3667267 0.3263213 0.2911383 0.2640136 0.2455012 0.2348350 0.2306690 0.2303812 0.2307391 0.2285219 0.2215198 0.2132216 0.2085461 0.2068413 0.2063185 0.2061666 0.2061232 0.2061108
0.5204023 0.4660426 0.4126091 0.3626478 0.3192607 0.2851042 0.2606401 0.245038 0.2370646 0.2341936 0.2330856 0.2304635 0.2241035 0.2167830 0.2126664 0.2111658 0.2107059 0.2105724 0.2105343 0.2105234
0.5009319 0.4480881 0.3969789 0.3495915 0.308295 0.2755694 0.2524945 0.2387188 0.2326912 0.2312960 0.2309767 0.2284746 0.2216829 0.2138669 0.2095073 0.2079233 0.2074381 0.2072972 0.2072569 0.2072455
0.490474 0.4377118 0.3877219 0.3421418 0.3024824 0.2707401 0.2485295 0.2359723 0.2311967 0.2307107 0.2308894 0.2284721 0.2215649 0.2139171 0.2098089 0.2083431 0.2078967 0.2077673 0.2077304 0.2077198
0.6196932 0.5354004 0.4539493 0.3807363 0.3210426 0.2782095 0.2514249 0.2372889 0.2319231 0.2311424 0.2310678 0.2282536 0.2208019 0.2128041 0.2085867 0.2070944 0.2066413 0.2065101 0.2064726 0.2064619
0.7147516 0.603274 0.5027013 0.4180381 0.3525026 0.3055895 0.2734451 0.2529345 0.2421263 0.2377406 0.2355761 0.2316626 0.2237691 0.2156512 0.2114013 0.2099003 0.2094452 0.2093135 0.2092759 0.2092652
0.7024211 0.5863246 0.4818317 0.3945494 0.3286509 0.2840323 0.2559395 0.239536 0.2316029 0.2287183 0.2272632 0.2239655 0.2172593 0.2106833 0.2073730 0.2062241 0.2058777 0.2057776 0.2057491 0.2057409
0.6507425 0.5444232 0.4455408 0.3617482 0.3002462 0.2618479 0.2405375 0.2303262 0.2272863 0.2276851 0.227882 0.2243516 0.2156408 0.2070794 0.2028335 0.2013701 0.2009294 0.2008021 0.2007658 0.2007554
0.2945073 0.2889806 0.2817980 0.2722621 0.2603187 0.2471783 0.2354034 0.2278945 0.225399 0.2256871 0.2253449 0.2206705 0.2105742 0.2013451 0.1969579 0.1954722 0.1950275 0.1948992 0.1948626 0.1948522
0.3090915 0.3029319 0.2947516 0.283726 0.2697474 0.2541146 0.2397093 0.2299591 0.2259177 0.2252353 0.2242427 0.2190418 0.2085091 0.1990295 0.1945464 0.1930309 0.1925775 0.1924468 0.1924095 0.1923989
0.3043639 0.3010626 0.2948594 0.2842538 0.2692206 0.25214 0.2369388 0.2270442 0.2228868 0.2219369 0.2210021 0.2171226 0.2097417 0.2034286 0.2005344 0.1995677 0.1992795 0.1991965 0.1991729 0.1991661
0.4122293 0.3970174 0.3790106 0.3570768 0.3313112 0.303904 0.2791156 0.2619369 0.254022 0.2519301 0.2502381 0.2434755 0.2300236 0.2179755 0.2122929 0.2103739 0.2098001 0.2096346 0.2095874 0.209574
0.4167904 0.3999476 0.3801906 0.3564555 0.3290072 0.3001191 0.2738574 0.2549682 0.2452262 0.2416235 0.2391805 0.2329953 0.2217777 0.2121448 0.2077058 0.2062214 0.2057791 0.2056517 0.2056154 0.2056050
0.2863814 0.2813860 0.2747462 0.2655872 0.2539622 0.2415686 0.2313979 0.2260482 0.2253754 0.226623 0.2263374 0.2210046 0.2108089 0.2026186 0.1990395 0.1979032 0.1976510 0.1976809 0.1977404 0.1977682
0.2823384 0.2789033 0.2747643 0.2687831 0.2598787 0.2485176 0.2377024 0.2311146 0.2295168 0.2303292 0.2298547 0.2243516 0.2141212 0.2060817 0.2025662 0.201291 0.2006276 0.2001049 0.1997977 0.1996782
0.4200768 0.4012643 0.378437 0.3506464 0.3195196 0.2893404 0.2649634 0.2496476 0.2428453 0.2406839 0.2387068 0.232908 0.2230019 0.2151161 0.2116415 0.2104721 0.2100616 0.2098701 0.2097808 0.2097485
0.3994035 0.3782428 0.3539645 0.3261631 0.2966976 0.2695758 0.2488899 0.2368900 0.2324661 0.2318342 0.2307477 0.2254734 0.2165231 0.2098936 0.2071343 0.2062944 0.2061529 0.2062316 0.2063089 0.2063418
0.2966251 0.2911777 0.2840478 0.274216 0.2615134 0.2475503 0.2357292 0.2291965 0.2277936 0.2283442 0.2268273 0.2195288 0.2083987 0.2008591 0.1979949 0.1975602 0.1984561 0.1998544 0.2007721 0.2011351
0.3785332 0.3513968 0.3218388 0.2918704 0.2650898 0.2444383 0.2309015 0.2241497 0.2222805 0.2222891 0.2211685 0.2163520 0.2090494 0.2040971 0.2022158 0.2019352 0.2025225 0.2034116 0.2039801 0.2042018
0.4351727 0.4101971 0.3820314 0.3502729 0.3168922 0.2859715 0.2620188 0.2479009 0.2423287 0.2408944 0.2390348 0.2328138 0.2225153 0.2146734 0.2113512 0.2103849 0.2103377 0.2105749 0.2107493 0.2108189
0.4053748 0.3758695 0.3438918 0.3107171 0.2796253 0.2542107 0.2369750 0.2285422 0.2264923 0.2266604 0.2249768 0.218294 0.2090271 0.2031806 0.2009696 0.2004025 0.2004730 0.2007068 0.2008509 0.2009047
0.28256 0.2812526 0.2767134 0.2679063 0.2553963 0.2420132 0.2318144 0.2272920 0.2272511 0.2283154 0.2268588 0.2199792 0.2105073 0.204629 0.2024562 0.2019947 0.2022640 0.2026981 0.2029482 0.2030400
0.474167 0.4322674 0.3880444 0.3427392 0.3007676 0.2674393 0.2456609 0.2349712 0.2317369 0.2312004 0.2292283 0.2228469 0.2143156 0.2090267 0.2070867 0.2067301 0.2071008 0.2076408 0.2079538 0.2080695
0.4716273 0.4281473 0.3832071 0.3370885 0.2935929 0.2590930 0.2377898 0.2287086 0.2270141 0.2274204 0.2256318 0.2186297 0.20932 0.2036533 0.2015641 0.2010763 0.2012267 0.2015168 0.2016830 0.2017436
0.6851936 0.5842533 0.479756 0.3833875 0.3093799 0.2627877 0.2382911 0.2282803 0.2259365 0.2256293 0.2228362 0.2147831 0.2053923 0.2000921 0.1979876 0.1968544 0.1956815 0.1946799 0.1941835 0.1940103
0.3284478 0.3153227 0.2995301 0.2808408 0.2608831 0.2429355 0.2305765 0.2252034 0.2246268 0.2250545 0.2227356 0.2151195 0.2059247 0.2007223 0.1989985 0.1989826 0.1998621 0.2008061 0.2012927 0.2014639
0.7364161 0.6093137 0.4939415 0.3935283 0.3148157 0.2630931 0.2361751 0.2260225 0.2240205 0.2239361 0.2215010 0.2143125 0.2060133 0.2014558 0.1999648 0.1999415 0.2006596 0.2014118 0.2017918 0.2019243
0.3862009 0.3763274 0.3594281 0.3346485 0.3042919 0.2737364 0.2493437 0.2348945 0.2288663 0.2265742 0.223289 0.2161146 0.2081718 0.203862 0.2024727 0.2024991 0.2032811 0.2041106 0.2045372 0.2046873
0.3310145 0.3243778 0.3121037 0.293555 0.2708875 0.2490635 0.2335144 0.226327 0.2249037 0.2248386 0.2219305 0.2137099 0.2045166 0.1995899 0.1980396 0.1981474 0.1991275 0.2001 0.2005803 0.2007463
0.4107459 0.3975984 0.3795776 0.3562773 0.3280266 0.2975779 0.2717328 0.2564177 0.2502491 0.2474104 0.2418172 0.2295353 0.2159038 0.2084250 0.2059704 0.2059036 0.2069784 0.2080608 0.2085905 0.2087726
0.3462695 0.3358201 0.3215781 0.3025606 0.2788035 0.2538795 0.2350211 0.2261576 0.224227 0.223917 0.2206369 0.2123437 0.2039374 0.1997818 0.1986816 0.199233 0.2007185 0.2020065 0.2026019 0.2028021
0.2985744 0.2913810 0.2824854 0.2713043 0.2573654 0.2422067 0.2303428 0.2248872 0.2240200 0.2236549 0.2196155 0.2099659 0.2002896 0.1955007 0.1942112 0.1947912 0.1964215 0.1978467 0.1985081 0.1987309
0.2892476 0.2816324 0.2724926 0.2617610 0.2495918 0.2374929 0.228754 0.2252687 0.2252127 0.2251149 0.221363 0.2124953 0.2038769 0.1996706 0.1983994 0.1984510 0.1990652 0.1995916 0.1998260 0.1999035
0.3480405 0.3354114 0.3187961 0.2976800 0.272986 0.2489611 0.2321712 0.2249585 0.2235514 0.2229183 0.2188433 0.2099307 0.2016544 0.1978600 0.1972052 0.1985916 0.2012343 0.2033456 0.2042831 0.2045936
0.4398376 0.4190933 0.3931945 0.3624647 0.328288 0.2946891 0.2688164 0.2548262 0.2494652 0.2464490 0.2397897 0.2268359 0.2145023 0.208531 0.2069609 0.2077004 0.2096127 0.2111721 0.2118643 0.2120933
0.3858385 0.3689049 0.3475669 0.3220885 0.2936571 0.2655520 0.2437191 0.2321006 0.2282313 0.2264288 0.2213368 0.2115569 0.2032053 0.1995891 0.1990347 0.2004149 0.2028321 0.2046278 0.2053908 0.2056390
0.2852055 0.2783491 0.270025 0.2598232 0.2475728 0.2350708 0.2263039 0.2231391 0.2232510 0.2228671 0.2182854 0.2089514 0.2009883 0.1975077 0.1968318 0.1977732 0.1995254 0.2008279 0.2013798 0.2015592
0.3540554 0.3397046 0.3212015 0.29829 0.2724017 0.2483971 0.2327629 0.2268198 0.2260561 0.2252749 0.2202386 0.2104897 0.2024108 0.1989322 0.1982348 0.1990538 0.2005205 0.2015474 0.2019671 0.2021015
0.4296915 0.4076753 0.3807195 0.3495371 0.3156026 0.2823893 0.2566091 0.2428214 0.2379366 0.2353300 0.2290745 0.2179909 0.2089001 0.2050008 0.204262 0.2053086 0.2071692 0.2084950 0.209043 0.2092194
0.3434396 0.3277574 0.3092622 0.2882682 0.2659534 0.2456957 0.2320234 0.2259929 0.2243867 0.2229367 0.2179814 0.2098574 0.2038963 0.2014781 0.2009189 0.2012231 0.2018239 0.2022239 0.2023819 0.2024318
0.3619697 0.3444904 0.3244565 0.3019718 0.2777252 0.2551368 0.2397280 0.2329670 0.2310089 0.2288374 0.2220587 0.2110450 0.2028189 0.1994889 0.1989080 0.1998402 0.2013889 0.20244 0.202863 0.2029977
0.3700047 0.3493655 0.3254325 0.2988982 0.2718603 0.2490015 0.2353193 0.2305615 0.2299676 0.2285767 0.2223587 0.2120907 0.2045658 0.2014886 0.2006931 0.2008662 0.2013444 0.2016633 0.2017881 0.2018274
0.3412532 0.3251555 0.3076664 0.288747 0.2685160 0.2494707 0.2364278 0.2309152 0.2295440 0.2276634 0.2212251 0.2110816 0.2038496 0.2010521 0.2007277 0.2018564 0.2035192 0.2045890 0.2050082 0.2051405
0.459024 0.4263134 0.3899104 0.3515833 0.3133499 0.2787191 0.2534918 0.2404242 0.2355939 0.2326343 0.2263733 0.2171346 0.2107356 0.2083209 0.2081174 0.2092401 0.2108058 0.211782 0.2121587 0.2122769
0.4925215 0.457558 0.4184771 0.3766651 0.3341704 0.295892 0.2690755 0.2556507 0.2503595 0.2465356 0.2388824 0.2275805 0.2193944 0.2159937 0.214954 0.2147614 0.2148238 0.2148909 0.214919 0.2149280
0.4424172 0.410808 0.3760064 0.3392488 0.3023477 0.2694791 0.2469444 0.2363837 0.2328113 0.2300334 0.2236341 0.2148985 0.2092592 0.2071458 0.2067587 0.2071919 0.2078392 0.2082252 0.2083700 0.2084149
0.5256327 0.483055 0.4366076 0.3882301 0.3409603 0.3007134 0.2742685 0.2617454 0.256763 0.2522384 0.2427213 0.2297388 0.2210523 0.2174853 0.2160364 0.2149439 0.2139328 0.2133495 0.2131288 0.2130599
0.305075 0.2954607 0.2844008 0.2715184 0.2570768 0.2438808 0.235917 0.2334882 0.2331805 0.2308129 0.2233028 0.2138095 0.2081642 0.2060041 0.2051894 0.2046585 0.2042165 0.2039752 0.2038860 0.2038584
0.3094519 0.2995891 0.2884932 0.2755086 0.2605802 0.2464966 0.2375839 0.2344113 0.2335408 0.2305820 0.2223431 0.2123299 0.2065258 0.2044183 0.2038905 0.2039881 0.2042748 0.2044643 0.204538 0.2045612
0.7062653 0.61644 0.524278 0.4369511 0.3624332 0.3083548 0.277887 0.2652238 0.2604381 0.2551768 0.2441262 0.2308385 0.2229251 0.2198154 0.2184243 0.2171643 0.2159687 0.2152996 0.2150514 0.2149746
0.3181902 0.3054654 0.2917823 0.2762577 0.2593659 0.2448479 0.2368004 0.2346717 0.2346352 0.2327054 0.2263992 0.2188816 0.2146149 0.2128876 0.2118628 0.2106569 0.2095300 0.2089389 0.2087274 0.2086628
0.2993586 0.2897834 0.2796255 0.2680484 0.2550252 0.2433057 0.2364955 0.2344852 0.2339489 0.2309238 0.2230563 0.2144655 0.2097783 0.2077444 0.2060997 0.2037741 0.2015575 0.2004037 0.1999931 0.1998678
0.4067517 0.3819835 0.3519097 0.3173408 0.2823136 0.2548050 0.2401527 0.2354136 0.2343512 0.2320345 0.2259868 0.2192792 0.2156459 0.2142747 0.2136526 0.2130973 0.2126145 0.2123647 0.2122756 0.2122484
0.5058859 0.4713483 0.4316963 0.3878649 0.3430822 0.3056246 0.2833935 0.2745987 0.2713718 0.2662424 0.2543483 0.2401508 0.2317513 0.2282496 0.2260956 0.2234577 0.2209139 0.2195506 0.2190579 0.2189068
0.4210201 0.3916998 0.3617152 0.3310427 0.299268 0.2694794 0.2486815 0.2389405 0.2352421 0.2316860 0.2252375 0.2187872 0.2154889 0.2143701 0.2141318 0.2142356 0.2144008 0.2144906 0.2145226 0.2145323
0.4998706 0.4605219 0.420619 0.3805573 0.3408776 0.3068169 0.2859562 0.2775922 0.2741594 0.2679791 0.2545353 0.2397885 0.2316109 0.2283156 0.2263585 0.2241230 0.2221361 0.2211334 0.2207809 0.2206738
0.3745195 0.3476224 0.3209859 0.2947631 0.2696166 0.2493118 0.2379295 0.2340076 0.2327459 0.2298424 0.2233179 0.2166890 0.2132550 0.2119008 0.2110942 0.2102537 0.2096078 0.2093139 0.2092152 0.2091857
0.3798795 0.3548288 0.3290652 0.3026879 0.2764108 0.254376 0.2416167 0.2370313 0.2354356 0.2322331 0.2255662 0.2191488 0.2159867 0.2149305 0.2147016 0.2147809 0.2149094 0.2149770 0.2150007 0.2150079
0.3866175 0.3566176 0.327826 0.3003824 0.2746667 0.2540615 0.2424454 0.2382468 0.2364495 0.2324122 0.2244472 0.2171146 0.2135462 0.2121752 0.2113601 0.2105059 0.2098472 0.2095469 0.2094460 0.2094158
0.4953222 0.4523801 0.4096936 0.3674366 0.3259918 0.2906930 0.2687719 0.25919 0.2549112 0.2493658 0.2394416 0.2297845 0.2248068 0.2227861 0.2214440 0.2199568 0.218815 0.2182998 0.2181275 0.2180761
0.3277839 0.3107924 0.2947913 0.2788696 0.2627087 0.2491281 0.2416261 0.2391424 0.2377731 0.2337448 0.226052 0.2193241 0.2161615 0.2149858 0.2143549 0.2137794 0.2133789 0.2132067 0.2131501 0.2131333
0.3645965 0.3406727 0.3166804 0.2924761 0.2686606 0.2492157 0.2384927 0.2348874 0.2334721 0.2301329 0.2237959 0.2183226 0.2157898 0.2148992 0.2145280 0.2142757 0.2141185 0.2140532 0.214032 0.2140257
0.2794527 0.2747279 0.2697352 0.2628899 0.2535864 0.2445743 0.2396346 0.2384361 0.23767 0.2338252 0.2262481 0.2198079 0.2168907 0.2159548 0.2157618 0.2158225 0.2159064 0.2159461 0.2159593 0.2159633
0.4494946 0.4115015 0.3750654 0.3393618 0.3039773 0.273384 0.2541305 0.2456038 0.2416705 0.2366020 0.2286924 0.2222502 0.2193884 0.2185405 0.2185325 0.2188689 0.219165 0.2192978 0.2193418 0.2193550
0.4872112 0.4352723 0.3864969 0.3410145 0.2994713 0.2670862 0.2491531 0.2423205 0.2388752 0.2327155 0.2232303 0.2161508 0.2131969 0.2123972 0.2125203 0.212995 0.2133525 0.2135016 0.2135496 0.2135638
0.4718573 0.4171978 0.3665042 0.3207513 0.2821341 0.2558447 0.2435221 0.2395516 0.2369542 0.2306236 0.2208054 0.2136649 0.2106694 0.2096445 0.2092085 0.2089301 0.2087789 0.2087215 0.2087034 0.2086982
0.3853994 0.3545304 0.3257792 0.2982368 0.2723243 0.2524685 0.242163 0.2384903 0.2361358 0.2309368 0.2230655 0.2173982 0.2150479 0.2142985 0.2140907 0.2140462 0.2140408 0.2140407 0.2140409 0.2140409
0.5901559 0.5099095 0.4329737 0.3627649 0.3041023 0.264453 0.2455805 0.239348 0.2363368 0.2304540 0.2216234 0.2153483 0.2127911 0.2120447 0.2119838 0.2121485 0.2122811 0.2123361 0.2123537 0.2123589
0.3245885 0.3087358 0.2938467 0.2778666 0.2609893 0.2474512 0.2404624 0.2379208 0.2354127 0.2291002 0.2200747 0.2139523 0.2114017 0.2102922 0.2093474 0.2084413 0.2079199 0.2077234 0.2076622 0.2076443
0.771822 0.6294954 0.5084758 0.4098098 0.3349559 0.2873467 0.2643886 0.2555490 0.2505152 0.2425304 0.2315455 0.2238923 0.2207326 0.219618 0.2190608 0.2186477 0.2184163 0.2183284 0.2183009 0.2182929
0.7872776 0.6333653 0.5048973 0.4023530 0.3263806 0.2791163 0.2567702 0.2484134 0.2439810 0.2374277 0.2290525 0.2236047 0.2214020 0.2205147 0.2198423 0.2192053 0.2188294 0.2186855 0.2186404 0.2186272
0.2957184 0.2903225 0.2823361 0.2709258 0.2578094 0.247783 0.2434453 0.2423794 0.2403742 0.2339495 0.2249863 0.2191989 0.2168584 0.2158598 0.2150323 0.2142595 0.2138229 0.2136599 0.2136093 0.2135945
0.2771147 0.2775399 0.2748693 0.2675702 0.2566920 0.2471168 0.2422635 0.2404055 0.2375493 0.2301808 0.2203508 0.2140301 0.2113261 0.2097422 0.2078364 0.2059198 0.2048501 0.2044556 0.2043337 0.2042982
0.3277271 0.3220126 0.3123545 0.296678 0.275901 0.2565696 0.2444783 0.2377936 0.2318356 0.2249556 0.2191288 0.2159980 0.2147836 0.2141088 0.2131650 0.2121471 0.2115742 0.2113634 0.2112984 0.2112795
0.3145243 0.3067926 0.2957389 0.2802796 0.2625418 0.2484881 0.2409240 0.2364629 0.2312324 0.2247467 0.2194072 0.2167059 0.2157862 0.2153328 0.2146032 0.2137704 0.2132960 0.2131207 0.2130664 0.2130506
0.3018778 0.2960663 0.2873535 0.2747802 0.2602963 0.2489035 0.2425056 0.238026 0.2323522 0.2255031 0.2200612 0.2174138 0.2165371 0.2159935 0.2149854 0.2138534 0.2132339 0.2130536 0.2131355 0.2134182
0.3001534 0.2949841 0.2867264 0.2743997 0.2601111 0.2489703 0.2427167 0.2381473 0.2321837 0.2249955 0.2193356 0.2165961 0.2156458 0.2149272 0.2135864 0.2121361 0.2113558 0.2111092 0.2111375 0.2113366
0.3041591 0.2977527 0.2882440 0.2747520 0.2596231 0.2481177 0.2417991 0.2372495 0.2313404 0.2242731 0.2187664 0.2161301 0.2152507 0.2146737 0.2136321 0.2125127 0.2119082 0.211693 0.2116349 0.2116327
0.3214037 0.3109936 0.2974262 0.2800462 0.2616527 0.2480193 0.2407176 0.2358336 0.2298962 0.2230758 0.2179699 0.2156163 0.2148464 0.2143045 0.2133357 0.2123498 0.2118319 0.2116238 0.2114902 0.2113325
0.3529444 0.3445202 0.3307125 0.3089358 0.2813366 0.2573655 0.2434689 0.2362270 0.2303281 0.2242116 0.2190931 0.2158783 0.2141651 0.2131939 0.2125089 0.2120748 0.2118847 0.2117979 0.2116993 0.2115488
0.3455455 0.3368081 0.3232322 0.3024765 0.2765225 0.254034 0.2408149 0.2336982 0.2279942 0.2224326 0.2180580 0.2154860 0.2141455 0.2131449 0.2120032 0.2110694 0.2106215 0.2104303 0.2102610 0.2100290
0.2904895 0.2873665 0.2808153 0.269623 0.2559682 0.2450322 0.2383443 0.2329473 0.2264417 0.2192884 0.2135837 0.2102438 0.2085018 0.2072277 0.2058334 0.2047038 0.2040900 0.2035649 0.2025549 0.2009706
0.3331781 0.3200587 0.3027038 0.2806414 0.2581671 0.2424889 0.2345926 0.2297477 0.2245568 0.2190258 0.2147464 0.2123461 0.2111566 0.2102630 0.2092059 0.2083343 0.2079021 0.2076655 0.2073533 0.2069048
0.3464077 0.3313155 0.3116431 0.2870586 0.2624737 0.2455145 0.2367212 0.2309962 0.2250294 0.2190448 0.2146604 0.212312 0.2111640 0.2102301 0.2090827 0.2081654 0.2077203 0.207468 0.2071257 0.2066549
0.3253046 0.3194247 0.3081029 0.2895529 0.2674258 0.2500648 0.2401508 0.2336134 0.2269604 0.2201582 0.2149737 0.2120238 0.2104453 0.2091409 0.2076495 0.2065127 0.2059861 0.2057330 0.2054556 0.2050990
0.3304262 0.3197844 0.3042687 0.2835533 0.2626103 0.2484456 0.2410608 0.2355644 0.2290565 0.2222903 0.2172962 0.2145426 0.2131384 0.212126 0.2110919 0.2103419 0.210051 0.2100876 0.2104389 0.2110224
0.3587074 0.3447105 0.3261396 0.3017827 0.2756074 0.2558902 0.2449051 0.2378963 0.2311879 0.2248978 0.2204847 0.2181631 0.2171283 0.2166401 0.2163419 0.2161704 0.2161003 0.2160729 0.2160514 0.2160265
0.3509129 0.3342702 0.3130253 0.2877419 0.2643652 0.2495701 0.2420815 0.2363803 0.2295808 0.2225931 0.2174923 0.2146928 0.2132826 0.2123410 0.2114858 0.2109185 0.2107244 0.2108107 0.2112109 0.2118344
0.3087901 0.3041843 0.2940363 0.2781105 0.261347 0.2497996 0.2430817 0.2372045 0.2302917 0.2236308 0.2191189 0.2167982 0.2154435 0.2138219 0.2117227 0.210233 0.2096925 0.209803 0.2105290 0.2116182
0.3091952 0.3029858 0.2920921 0.2764374 0.2606049 0.2499485 0.2436973 0.2378889 0.2307632 0.2237405 0.2188483 0.2162396 0.2148587 0.2137183 0.2125251 0.211728 0.2114505 0.2115324 0.2119663 0.2125996
0.3148049 0.3098016 0.2990548 0.2823035 0.2646977 0.2524963 0.2452303 0.2388292 0.2314613 0.2245579 0.2200582 0.2178295 0.2164183 0.2143898 0.2116143 0.2095873 0.2086352 0.2079955 0.2070498 0.2059238
0.3152127 0.3104326 0.2996743 0.2830029 0.2658948 0.2544025 0.2476483 0.2413243 0.2335080 0.2257883 0.2204421 0.2176152 0.2161084 0.2148216 0.2134574 0.2125273 0.2120938 0.2117861 0.2113160 0.2107634
0.3023909 0.2987043 0.2893928 0.2746225 0.2593979 0.2490699 0.2427515 0.2366174 0.2291230 0.2218559 0.2168415 0.2141714 0.2128275 0.211952 0.2112590 0.2108857 0.2108458 0.2111639 0.2120178 0.2131431
0.4657171 0.4153344 0.3619953 0.3104065 0.2716764 0.2512561 0.2421364 0.2358155 0.2292013 0.2233034 0.2195304 0.217688 0.2168356 0.2162607 0.2157567 0.2154668 0.2154024 0.2155342 0.2159089 0.2163786
0.4734740 0.4212469 0.3660890 0.3128634 0.2731186 0.2522404 0.2428002 0.236249 0.2296054 0.2238746 0.2203344 0.2186884 0.2179919 0.2175761 0.2172316 0.2170413 0.2170201 0.2171794 0.2175877 0.2180854
0.6041742 0.5245957 0.4441014 0.3652846 0.3013033 0.2637975 0.2469302 0.2380968 0.2308804 0.2248398 0.2209007 0.2188812 0.2180573 0.2179674 0.218279 0.2185702 0.2187311 0.2188891 0.2191625 0.2194738
0.3107812 0.3063828 0.2965153 0.2820332 0.2681052 0.2588632 0.2523623 0.2448896 0.2357345 0.2274511 0.2222475 0.2197643 0.2186812 0.2180998 0.2177123 0.2175190 0.2174735 0.2175339 0.2177011 0.2178878
0.3846093 0.3743164 0.3535228 0.3223443 0.2899163 0.2674847 0.2554687 0.2476834 0.2404188 0.2339305 0.2294777 0.2270347 0.2258050 0.2251624 0.2248425 0.2247239 0.2246891 0.2246751 0.2246605 0.2246459
0.3003117 0.2921769 0.2808755 0.2677806 0.2562048 0.2483771 0.2426700 0.2364936 0.2297352 0.2243058 0.2212909 0.2200297 0.2194248 0.2187606 0.2180379 0.2176580 0.2177155 0.2183487 0.2197576 0.2212703
0.2932216 0.2847343 0.2737233 0.2619920 0.2527322 0.2472515 0.2430442 0.237318 0.2302249 0.2241609 0.2205726 0.2189044 0.2180751 0.2173919 0.2167953 0.2165289 0.2166562 0.2173724 0.2188999 0.2204966
0.3860079 0.3701405 0.3478392 0.3214281 0.2975481 0.2817481 0.2718082 0.2621131 0.2507822 0.2405330 0.234012 0.2307474 0.2289411 0.2272441 0.2255861 0.2246406 0.2243609 0.2245019 0.2249793 0.2254898
0.3584070 0.3449477 0.3260416 0.3031197 0.2814929 0.2666613 0.2578425 0.2506471 0.2432196 0.2368559 0.232826 0.2307246 0.2294808 0.2283146 0.2272597 0.2267108 0.2266043 0.2268462 0.2274333 0.2280333
0.3057838 0.2964308 0.2837517 0.2697387 0.2582201 0.2509916 0.2455097 0.2387945 0.2309748 0.2245454 0.2208765 0.2192247 0.2183989 0.2176794 0.2170499 0.2167966 0.2170204 0.2179967 0.2198721 0.2216047
0.3323360 0.3177347 0.2987545 0.2777896 0.2600128 0.2487969 0.2417809 0.2352907 0.2287875 0.2238670 0.2212111 0.2200441 0.2193567 0.2185615 0.2178247 0.2175478 0.2178523 0.2190462 0.2211213 0.2228288
0.3886483 0.3703131 0.3445662 0.3125648 0.2813697 0.2596869 0.2476164 0.2396276 0.2329138 0.2279193 0.225068 0.2236534 0.2226976 0.2215902 0.2205833 0.2201981 0.2205743 0.2220752 0.224643 0.2267144
0.3910024 0.3710172 0.3438637 0.3122465 0.2842957 0.2664625 0.2558103 0.2464547 0.2369019 0.2292846 0.2249295 0.2229339 0.2218397 0.2207536 0.219805 0.2194573 0.2198491 0.2213464 0.2238599 0.2258494
0.4009373 0.3784829 0.3490332 0.3159149 0.2877427 0.270357 0.2597566 0.2496998 0.2389648 0.2302260 0.2251504 0.2228125 0.2216473 0.2207132 0.2200017 0.2198246 0.2203804 0.2221839 0.2251306 0.2274212
0.2962454 0.2856311 0.2729812 0.2604357 0.2508296 0.2443991 0.2383903 0.2309728 0.2233522 0.2178931 0.215165 0.2141367 0.2137915 0.2136262 0.2135588 0.2137409 0.2145571 0.2167745 0.2202647 0.2229083
0.2927243 0.2825363 0.2711096 0.2603579 0.2522531 0.2462137 0.2395736 0.2311070 0.2226016 0.2166579 0.2137128 0.2125743 0.2121605 0.2119536 0.2118687 0.2120342 0.2127820 0.2146968 0.2174008 0.219233
0.448393 0.416279 0.3781763 0.3396267 0.3092936 0.2901808 0.2765012 0.2624453 0.2483047 0.2378445 0.2322909 0.2297398 0.2278938 0.2255271 0.2234096 0.2225206 0.2228049 0.2243794 0.226818 0.2285481
0.4259172 0.3953703 0.3574829 0.3166215 0.2830825 0.2629407 0.2512799 0.2415932 0.2325635 0.2259902 0.2225031 0.2209682 0.2200856 0.2191922 0.2184884 0.2182719 0.2185991 0.2196893 0.221297 0.2224120
0.4843519 0.445797 0.3974059 0.3421031 0.2917751 0.2588169 0.2414073 0.2308900 0.2233628 0.2186865 0.2164461 0.2155110 0.2149369 0.2142984 0.2137996 0.2137059 0.2141573 0.2154746 0.2173610 0.2186432
0.5002394 0.4503375 0.3930632 0.3362214 0.2928255 0.2682567 0.2548841 0.2440993 0.2339455 0.2263545 0.2220735 0.219906 0.2183795 0.2167793 0.2155858 0.215219 0.2156839 0.2172395 0.2194573 0.2209428
0.566677 0.5042681 0.4358051 0.3703339 0.3210104 0.2916051 0.2730755 0.2567211 0.2416891 0.2310268 0.2253025 0.2224597 0.2203341 0.2179713 0.2161742 0.2155262 0.2158571 0.2172252 0.2190992 0.2202909
0.5926427 0.5153051 0.4369797 0.3680018 0.3198595 0.2926766 0.2755719 0.2600374 0.2457085 0.2356998 0.2304363 0.2277874 0.2255396 0.2227939 0.2206726 0.2199216 0.2203588 0.2220642 0.224349 0.2257755
0.688913 0.5816895 0.4769192 0.3877788 0.3276409 0.2951199 0.2760701 0.2598540 0.2453492 0.2353937 0.2302120 0.2275534 0.2251228 0.2220578 0.2197016 0.2188651 0.2193094 0.2210721 0.2233899 0.2248105
0.3957969 0.366693 0.3340255 0.3024534 0.2779127 0.2616963 0.2494520 0.2374523 0.2264729 0.2190652 0.2154034 0.2138667 0.2130594 0.2123998 0.2119991 0.2119979 0.2125399 0.2139088 0.2156158 0.2166404
0.2808645 0.2744249 0.2663671 0.2574862 0.2491171 0.2415705 0.2337667 0.2254791 0.2184437 0.2141883 0.212283 0.2114264 0.2105891 0.2095109 0.2087892 0.2087873 0.2097847 0.2123522 0.2156519 0.2176868
0.277561 0.2721507 0.2656699 0.2584747 0.2510051 0.2429819 0.2336568 0.2237539 0.2157807 0.2113001 0.2095815 0.2092564 0.2095269 0.2099707 0.2102975 0.2105882 0.2112037 0.2125270 0.2141055 0.2150271
0.2767341 0.2698413 0.2632771 0.2573414 0.2514893 0.2441511 0.2342508 0.2231809 0.2142557 0.2092772 0.2073230 0.2068425 0.2069518 0.207242 0.2074864 0.2077618 0.208407 0.2097497 0.2112426 0.2120632
0.4842282 0.441351 0.3960112 0.3535715 0.319964 0.2959721 0.2763964 0.2575612 0.2415159 0.2312684 0.2261767 0.2237517 0.2220536 0.2204484 0.2194245 0.2190998 0.2192798 0.2199116 0.2206396 0.2210385
0.3934076 0.365062 0.3331503 0.3007159 0.2731088 0.2533687 0.2391935 0.2279495 0.2198656 0.2153915 0.2135331 0.2130466 0.2132774 0.2138108 0.2142218 0.2145179 0.2150174 0.2159971 0.217071 0.2176572
0.4948395 0.4492813 0.4035734 0.3630587 0.3320903 0.3093296 0.2891903 0.2693033 0.2529011 0.2428909 0.2380027 0.2353352 0.2326814 0.2297893 0.2279718 0.2273615 0.2274886 0.2281287 0.2288154 0.2291659
0.3851995 0.356682 0.3283632 0.3035236 0.2846285 0.2704521 0.2572163 0.2434712 0.2315777 0.2238219 0.2197758 0.2178947 0.2171145 0.2169176 0.2169548 0.2171 0.2174827 0.2182391 0.2190116 0.2194084
0.4401399 0.3953260 0.3485699 0.3061649 0.2753906 0.2572287 0.2458667 0.2366094 0.2290780 0.2241453 0.2215219 0.2203708 0.2201607 0.2204751 0.2208301 0.221203 0.2219702 0.2233726 0.224705 0.2253547
0.2744060 0.2662083 0.2597481 0.2553912 0.2517037 0.2458494 0.2364806 0.2257327 0.2173624 0.2128550 0.2110461 0.2103949 0.2100162 0.2096985 0.2095937 0.2098508 0.2107943 0.2126069 0.2143047 0.2151204
0.3918872 0.3606052 0.3276602 0.2964898 0.2716529 0.2543342 0.2414907 0.2309927 0.2233035 0.2187983 0.2166000 0.2155953 0.2151145 0.2149039 0.2148775 0.2150397 0.2155741 0.2166137 0.2176168 0.2181096
0.4794077 0.4267431 0.373878 0.3274929 0.2939887 0.2724291 0.2562227 0.2419582 0.2309595 0.2243619 0.2210961 0.2195956 0.2189187 0.2186737 0.2186618 0.2188416 0.2193827 0.2203424 0.221173 0.2215512
0.5423661 0.4745686 0.4106513 0.3577382 0.3202465 0.2947571 0.2736541 0.253975 0.2385508 0.2293679 0.2248457 0.2225559 0.2209836 0.2198364 0.21931 0.2192834 0.2197098 0.2205385 0.2212520 0.2215736
0.4483309 0.3935085 0.3429001 0.3014889 0.2726484 0.2538895 0.2397063 0.2279033 0.2195549 0.2149912 0.2129645 0.212212 0.212076 0.2122002 0.2124077 0.2128717 0.2140957 0.2162526 0.2181285 0.2189859
0.5854683 0.5040105 0.4211044 0.3466045 0.2917151 0.2587867 0.2398152 0.2276422 0.220137 0.2163363 0.2148121 0.2145078 0.2149469 0.2156031 0.2160601 0.2165148 0.2174551 0.2190366 0.2203789 0.2209836
0.5038361 0.4286107 0.3613470 0.3090965 0.2748652 0.2536531 0.2378540 0.2248927 0.2161100 0.2116273 0.2098568 0.2094563 0.209807 0.2103836 0.2108316 0.2114016 0.2126697 0.2147029 0.2163138 0.2170071
0.7095372 0.5849755 0.4743886 0.3892171 0.3339027 0.300276 0.2755278 0.2542817 0.2385812 0.2295872 0.2251561 0.2226883 0.2207000 0.2192082 0.2185661 0.2185981 0.2192770 0.2204808 0.2214398 0.2218515
0.9419159 0.7553936 0.5887631 0.4582662 0.3716931 0.3201325 0.2866277 0.2617702 0.2449947 0.2358748 0.2314782 0.2288695 0.2264504 0.2244890 0.2235826 0.2234616 0.2239192 0.224747 0.2253725 0.2256314
0.8511744 0.6812788 0.535465 0.424611 0.3518652 0.307533 0.2770001 0.2531041 0.2363635 0.2269667 0.2224838 0.2204826 0.2196785 0.2194658 0.2194464 0.2194586 0.2194806 0.2195101 0.2195309 0.2195394
0.2882970 0.2857539 0.2821616 0.2764877 0.2675104 0.2545036 0.2386006 0.2237135 0.2136290 0.2084889 0.2063694 0.2058391 0.2062449 0.2068955 0.2073224 0.2076927 0.2083357 0.2091963 0.2097742 0.2099999
0.2827343 0.2811822 0.2784993 0.2736413 0.2653776 0.2531439 0.2383738 0.2249575 0.2161865 0.2118716 0.2101189 0.2095506 0.2095414 0.2097147 0.2098894 0.2101815 0.2108332 0.2117453 0.2123667 0.2126109
0.2945659 0.2887124 0.2817125 0.273273 0.2631393 0.2513232 0.2389270 0.2284447 0.2216926 0.2182459 0.2167122 0.2160894 0.2159128 0.2159291 0.2159984 0.2161518 0.2165064 0.2169994 0.2173318 0.2174617
0.3330357 0.325671 0.3174768 0.3081277 0.2967251 0.2818653 0.2633847 0.2445993 0.2302708 0.2218468 0.2177369 0.2163142 0.2166438 0.217474 0.2179395 0.2180748 0.2180338 0.2179186 0.2178361 0.2178037
0.2654503 0.2658599 0.2656544 0.2633998 0.257447 0.247162 0.2342076 0.2224362 0.2147518 0.2108968 0.2092951 0.2088953 0.2092001 0.2096540 0.2099477 0.2102299 0.210727 0.2113410 0.2117202 0.2118616
0.3168992 0.3061579 0.2940258 0.2806334 0.2663416 0.2513781 0.2366111 0.2244784 0.2168208 0.2129643 0.2111944 0.2102674 0.2096425 0.2092786 0.2091454 0.2091408 0.209223 0.2093397 0.2094122 0.2094392
0.3113973 0.3016601 0.290519 0.2780028 0.2643707 0.2499430 0.2357709 0.2242068 0.2168846 0.2131501 0.2114214 0.2105515 0.2100346 0.2097749 0.2097107 0.2097911 0.2100355 0.2103458 0.2105329 0.2106016
0.3460711 0.3342718 0.3209375 0.3061415 0.2900495 0.2725354 0.2543640 0.2385796 0.2279248 0.2220575 0.2190453 0.2173424 0.2162839 0.215763 0.2155897 0.2155628 0.2156055 0.2156701 0.2157091 0.2157234
0.3344143 0.3214646 0.3077264 0.2938554 0.2799584 0.2650291 0.2489137 0.2342838 0.2241203 0.2184771 0.2156248 0.2141055 0.2132727 0.2129247 0.2128519 0.2129441 0.2132083 0.2135262 0.2137094 0.2137753
0.2990748 0.292953 0.285704 0.2764392 0.2643814 0.2495401 0.2339772 0.22153 0.2141509 0.2105458 0.2085309 0.206485 0.2041447 0.2026285 0.202311 0.2031681 0.2054445 0.2081113 0.209618 0.2101538
0.3162510 0.3042654 0.2907593 0.2762833 0.2617353 0.2476923 0.2350285 0.2253361 0.2193014 0.2160455 0.2142544 0.2129724 0.2119055 0.2112876 0.2110950 0.2111741 0.2114855 0.2118553 0.2120624 0.2121357
0.3371184 0.3250545 0.311018 0.294516 0.2755047 0.2548035 0.2353316 0.2211113 0.2132309 0.2096198 0.2079595 0.2068958 0.206049 0.2056116 0.2056207 0.2061509 0.2073321 0.2085707 0.2092150 0.2094355
0.4086515 0.385477 0.3603262 0.3342308 0.3083877 0.2829598 0.258907 0.2397412 0.2277452 0.2214072 0.2178900 0.2151064 0.2126293 0.2111730 0.2105808 0.2102747 0.2099490 0.2096526 0.2095039 0.2094536
0.446459 0.4225387 0.395724 0.3665707 0.3362571 0.3055035 0.2764161 0.2538399 0.2402947 0.2333893 0.2293050 0.2252007 0.2208098 0.2179845 0.2167306 0.2159153 0.2148817 0.2139201 0.2134411 0.21328
0.4057467 0.3773175 0.3446894 0.3107279 0.2801657 0.2555051 0.2368751 0.2244456 0.2175194 0.2140865 0.2121741 0.2105181 0.2089466 0.2080271 0.2077434 0.2078557 0.2082595 0.2086766 0.2088856 0.2089558
0.3767745 0.3535673 0.3280138 0.3013061 0.2752650 0.2510651 0.2305746 0.2164538 0.2087611 0.2051245 0.2033458 0.2022348 0.2014939 0.2012297 0.2014988 0.2026131 0.2047377 0.2066915 0.2076174 0.2079214
0.4535981 0.4133744 0.3682025 0.3234692 0.2862339 0.2587603 0.2393669 0.2267587 0.2196325 0.2158999 0.2135737 0.2113273 0.2091642 0.2078776 0.2072777 0.2067628 0.2060686 0.2054949 0.2052367 0.2051536
0.3904954 0.3640619 0.335105 0.3050964 0.276419 0.2508652 0.2305017 0.2173143 0.2105125 0.2074095 0.2057543 0.2043112 0.2029979 0.2022521 0.2019266 0.2016856 0.2013880 0.2011509 0.2010461 0.2010128
0.5371052 0.4905012 0.4412699 0.3927541 0.348538 0.3095321 0.2768179 0.2536730 0.2405551 0.2338494 0.2293862 0.2243709 0.219312 0.2163533 0.2150498 0.2140761 0.2128429 0.2118291 0.2113715 0.2112241
0.4181853 0.3831893 0.3468966 0.3115521 0.2796592 0.252344 0.2310298 0.2173504 0.2102783 0.2069888 0.2051525 0.203505 0.2020641 0.2013755 0.2014433 0.2023427 0.2040261 0.2054631 0.2061083 0.2063155
0.7148694 0.6087792 0.5052178 0.4155327 0.347678 0.2995037 0.2656896 0.2441678 0.2325483 0.2266143 0.2224938 0.2178969 0.2136339 0.2113287 0.2103359 0.2095801 0.2086792 0.2080072 0.2077231 0.207634
0.771768 0.6332652 0.4987451 0.3867447 0.3104484 0.2656169 0.2400075 0.2253218 0.2172842 0.2129569 0.2102060 0.2078573 0.2060917 0.2053301 0.2053477 0.2060771 0.2073479 0.2083354 0.2087526 0.2088832
0.3106345 0.3084323 0.3022520 0.2902037 0.2715461 0.2487974 0.2281212 0.2144605 0.2075007 0.2043995 0.2029670 0.2021675 0.2017373 0.2016312 0.2018305 0.202474 0.2034516 0.2041538 0.2044378 0.2045254
0.3069359 0.3048982 0.2986811 0.2869829 0.2697605 0.249516 0.2314764 0.2197432 0.2139026 0.2113434 0.2100147 0.2089209 0.2080641 0.2076919 0.2077343 0.2081763 0.2088742 0.2093696 0.2095680 0.209629
0.3723583 0.3653581 0.3545925 0.3388413 0.3167325 0.2888146 0.2609131 0.2406192 0.2293645 0.2236411 0.2198089 0.2159900 0.2129381 0.2115094 0.2111047 0.2111842 0.2114720 0.2116912 0.2117801 0.2118075
0.2984841 0.2954589 0.2898940 0.2805005 0.2658474 0.2466434 0.2280677 0.2154776 0.2090376 0.2061747 0.2049272 0.2044073 0.2042705 0.2043547 0.2047330 0.2056623 0.2069181 0.2077354 0.2080483 0.2081431
0.3981056 0.3889508 0.3760665 0.3580955 0.3332457 0.3019199 0.2707999 0.2484171 0.2360096 0.2292362 0.2234285 0.2162948 0.2102691 0.2073732 0.2063477 0.2059441 0.2057070 0.2055809 0.2055346 0.2055209
0.2939399 0.2904632 0.2847542 0.2754256 0.2609835 0.2423383 0.2247580 0.2131551 0.2073272 0.2046145 0.2028994 0.201236 0.1999783 0.1995196 0.1997746 0.2007987 0.202191 0.2030712 0.2034023 0.2035019
0.3740386 0.3660249 0.35478 0.3387203 0.3157964 0.2864633 0.2575046 0.2369806 0.2257567 0.2197938 0.2149975 0.2091917 0.2040861 0.2015909 0.2008895 0.2010561 0.2015346 0.2018571 0.2019795 0.2020165
0.2776699 0.2763568 0.2738010 0.26784 0.2556868 0.2377990 0.2203992 0.2089766 0.2031994 0.2003882 0.1984986 0.1967134 0.1954983 0.1952292 0.1959958 0.1981537 0.2009188 0.2026076 0.2032322 0.2034187
0.2794101 0.2768680 0.2736721 0.2679548 0.2568016 0.2397478 0.2223814 0.210644 0.204608 0.2016211 0.1995920 0.1977159 0.1964746 0.1961716 0.1967997 0.1985591 0.2006952 0.2019367 0.2023844 0.2025169
0.3751028 0.364011 0.350471 0.3329737 0.3091887 0.2793037 0.2500262 0.2291500 0.2174314 0.2111152 0.2066131 0.2023331 0.1992933 0.1980666 0.1979989 0.1987127 0.1996982 0.2002911 0.2005076 0.2005723
0.2816231 0.2819215 0.2808521 0.2756276 0.2628471 0.2430668 0.2236160 0.2108716 0.2044478 0.2013464 0.1993620 0.197663 0.1966035 0.1963801 0.1969872 0.1985821 0.2004216 0.2014473 0.2018098 0.2019163
0.2828665 0.2848146 0.2849081 0.2797159 0.2654944 0.2434984 0.2223286 0.2087876 0.2021756 0.1992625 0.1979101 0.1972393 0.1970170 0.1971942 0.1980063 0.1997861 0.2017584 0.2028350 0.2032119 0.2033225
0.3508669 0.336187 0.3202308 0.3019564 0.2797226 0.2544550 0.2317706 0.2167726 0.2089914 0.2051587 0.2026196 0.2003913 0.1989734 0.1984441 0.1984143 0.1986754 0.1989877 0.1991539 0.1992111 0.1992283
0.2808666 0.2808000 0.2786230 0.271803 0.2579955 0.2390729 0.2219789 0.2113650 0.2061334 0.2034390 0.2012354 0.1989967 0.1975577 0.1971259 0.1974535 0.1984439 0.1994953 0.2000376 0.2002222 0.2002762
0.2824766 0.2818971 0.2792526 0.2721451 0.2581278 0.2387874 0.2211511 0.2101414 0.204649 0.2016853 0.1990653 0.1963405 0.1946523 0.1943646 0.1954785 0.1981718 0.2010420 0.2025465 0.2030629 0.2032134
0.2802043 0.2783767 0.2748508 0.2674115 0.2536668 0.2350522 0.2182041 0.2076979 0.2024596 0.1997679 0.1977438 0.1959159 0.1948893 0.1948512 0.1959395 0.1983809 0.2009157 0.2022229 0.2026683 0.2027979
0.2934455 0.2906123 0.2860196 0.2769749 0.2606293 0.2388936 0.2196025 0.2077588 0.2019268 0.1990035 0.1969325 0.1951702 0.194213 0.1941691 0.1951091 0.1971189 0.1990690 0.2000246 0.2003429 0.2004350
0.4328913 0.3995277 0.3677797 0.3368968 0.3044563 0.2706894 0.2416026 0.2223887 0.2118389 0.2059365 0.2015850 0.1980938 0.1962552 0.1958331 0.1964317 0.1979144 0.1993623 0.2000691 0.2003041 0.2003725
0.4818672 0.4275176 0.3798147 0.3390541 0.3020495 0.267238 0.2385177 0.2197154 0.2093803 0.2036992 0.1997905 0.1968786 0.1953917 0.1949903 0.1952346 0.1959217 0.1965583 0.1968553 0.1969521 0.1969808
0.3144325 0.3062826 0.2959886 0.2813554 0.2607931 0.2375733 0.2190770 0.2084141 0.2031984 0.2002775 0.1976799 0.1952596 0.1939464 0.1937779 0.1946592 0.1965366 0.1982738 0.1990949 0.1993642 0.1994422
0.2971105 0.2934866 0.2871812 0.2753667 0.2561 0.2330447 0.2144144 0.2037508 0.1987285 0.1963291 0.1948300 0.1937654 0.1933020 0.193465 0.1944312 0.1962042 0.1977231 0.1984079 0.1986281 0.1986916
0.2885266 0.2852809 0.2800309 0.2697267 0.252042 0.2303947 0.2127523 0.2025378 0.1975743 0.1949152 0.1927652 0.1909021 0.1899570 0.189962 0.1909439 0.1927976 0.1943636 0.1950612 0.1952845 0.1953488
0.346174 0.3347134 0.3212222 0.3036916 0.2796399 0.2508147 0.2256310 0.2100784 0.2022942 0.1980587 0.1946473 0.1918809 0.1905463 0.1904059 0.1912429 0.1927835 0.1939952 0.1945095 0.1946710 0.1947176
0.3012234 0.2955610 0.2887373 0.2776720 0.2591273 0.2353313 0.2149736 0.2027926 0.1966825 0.1933305 0.1908087 0.1889675 0.1882134 0.1884369 0.1897359 0.1918110 0.1933306 0.1939511 0.1941430 0.1941990
0.394973 0.3751279 0.3541753 0.3300981 0.2999796 0.2653392 0.2348769 0.2150523 0.2042119 0.1978874 0.1930410 0.1894791 0.1878660 0.1876805 0.1885659 0.1901505 0.1913506 0.1918482 0.1920031 0.192048
0.4686346 0.4388253 0.4078674 0.3741218 0.3350154 0.2937922 0.2610045 0.2415977 0.2310309 0.2225814 0.2119634 0.2018928 0.1966056 0.1948429 0.1946336 0.1950757 0.1955179 0.1957171 0.1957809 0.1958004
0.2840810 0.2814898 0.2773493 0.2681888 0.2510989 0.2294178 0.2117588 0.2016046 0.1964742 0.1932327 0.1901742 0.1877404 0.1867451 0.1870627 0.1887875 0.1913953 0.1932019 0.1939161 0.1941345 0.1941984
0.3901125 0.3704064 0.3496139 0.3253684 0.2949051 0.2609128 0.2326221 0.2151652 0.2059080 0.2004574 0.1961684 0.1930728 0.1916868 0.1914105 0.1917869 0.1924750 0.1929555 0.1931446 0.1932025 0.1932214
0.2839627 0.2822663 0.2787477 0.2695900 0.2519782 0.2298248 0.2119659 0.2017004 0.1964302 0.1929343 0.1895104 0.1868227 0.1857604 0.1861484 0.188068 0.1908512 0.1927066 0.1934246 0.1936422 0.1937039
0.474871 0.4388299 0.4029707 0.3654106 0.3238916 0.2828206 0.2522413 0.2348917 0.2253652 0.2172831 0.2073707 0.1989085 0.1949001 0.1938382 0.1943016 0.1954944 0.1963987 0.196768 0.1968822 0.1969170
0.2803966 0.2809685 0.2795603 0.2719277 0.2546971 0.2319159 0.2133398 0.2026739 0.1973162 0.1941941 0.1917667 0.1901543 0.1896019 0.1899271 0.1911747 0.1928291 0.1938533 0.1942344 0.1943484 0.1943813
0.4871778 0.4446514 0.4032032 0.3608367 0.3153663 0.2716382 0.2395621 0.2213705 0.2118118 0.2053492 0.1990786 0.1941396 0.1919151 0.1915775 0.1924173 0.1936953 0.1944904 0.1947851 0.1948733 0.1949020
0.4950459 0.4519546 0.4104064 0.3679358 0.3223104 0.2790309 0.2481584 0.2310852 0.2217672 0.2139019 0.2043618 0.1962900 0.1925721 0.1919087 0.1931079 0.1950468 0.1962884 0.1967548 0.1968950 0.1969390
0.5188709 0.4688868 0.4218373 0.3752541 0.3269015 0.282339 0.2512202 0.2342106 0.2248059 0.2164166 0.2059146 0.1970477 0.1929367 0.1919929 0.1927463 0.1941171 0.1949934 0.1953208 0.1954190 0.1954507
0.2952434 0.2893095 0.2820012 0.2696805 0.2504962 0.2293546 0.2138391 0.2053131 0.2007462 0.1971457 0.1933084 0.1905035 0.1894899 0.1898891 0.1915889 0.1937016 0.1949277 0.1953689 0.1954995 0.1955394
0.5295187 0.4725696 0.4201566 0.369773 0.3190402 0.2733109 0.2416908 0.2244149 0.2151597 0.2079849 0.2000692 0.1936910 0.1907943 0.1901733 0.1907532 0.1916889 0.1922437 0.1924434 0.1925027 0.1925242
0.6708875 0.569718 0.481338 0.4043999 0.3370948 0.2842750 0.2514258 0.2344797 0.2248859 0.2155811 0.2041231 0.1952334 0.1913862 0.1905712 0.1913002 0.1924718 0.1931609 0.1934080 0.1934813 0.1935073
0.7520499 0.6312196 0.5256132 0.4332017 0.3526070 0.2905482 0.2531169 0.2344212 0.2240818 0.2141630 0.2021305 0.1929737 0.1890809 0.1883264 0.1892010 0.1905133 0.1912683 0.1915364 0.1916156 0.1916427
0.8179866 0.6689517 0.5414856 0.4337069 0.3441948 0.2786065 0.2404306 0.2218005 0.2121654 0.2043478 0.1955766 0.1887824 0.1859430 0.1858180 0.1874017 0.189295 0.1903055 0.1906537 0.1907552 0.1907853
0.4051443 0.3965492 0.3815166 0.3554462 0.3171249 0.2764563 0.2470357 0.2306706 0.2210481 0.2117145 0.2004558 0.1918737 0.1881687 0.1872762 0.1876528 0.188319 0.1886881 0.1888160 0.1888537 0.1888700
0.3449727 0.3341595 0.318995 0.2973040 0.2695056 0.2418832 0.2215848 0.2094082 0.2019838 0.1959244 0.1903010 0.1868421 0.1857733 0.1863448 0.1882322 0.1902237 0.1912419 0.1915870 0.1916871 0.1917164
0.3873324 0.378622 0.3630976 0.3363490 0.2978610 0.2580375 0.2295547 0.2132943 0.2035302 0.1961585 0.1904439 0.1871314 0.1859785 0.1862127 0.1873026 0.1883464 0.18883 0.1889850 0.1890295 0.1890517
0.3996171 0.3905749 0.3742634 0.3460966 0.3060682 0.2657304 0.2376176 0.2212896 0.2103033 0.2007594 0.1927572 0.1878025 0.1858657 0.1861539 0.1880764 0.1900567 0.1910079 0.1913176 0.1914064 0.1914409
0.3656107 0.3552415 0.3397446 0.3155343 0.2820844 0.2473987 0.2217588 0.2064400 0.1970131 0.1902123 0.1854904 0.1831372 0.1827071 0.1838569 0.1864023 0.1887497 0.1898392 0.1901900 0.1902901 0.1903277
0.4043741 0.3937388 0.3757304 0.3455663 0.3035409 0.262051 0.2337282 0.2175544 0.2067044 0.1970573 0.1887235 0.1834360 0.1812637 0.1814018 0.1831934 0.1850262 0.1858935 0.1861747 0.1862558 0.1862920
0.3988582 0.3882916 0.3702692 0.3399918 0.2975478 0.2551056 0.2257058 0.2091433 0.1990982 0.1915080 0.1858526 0.1828255 0.1820781 0.1830561 0.1853434 0.1873785 0.1882957 0.1885873 0.1886702 0.1887023
0.3773605 0.3650869 0.3468572 0.3189063 0.2816816 0.2450273 0.2191521 0.2039593 0.19453 0.1878275 0.1835174 0.1816771 0.1816098 0.1828920 0.1851800 0.1870281 0.1878195 0.1880659 0.188136 0.1881679
0.3871713 0.3746208 0.3555297 0.3256815 0.2856202 0.2464130 0.2192437 0.2037979 0.1946709 0.1884660 0.1845314 0.1827847 0.1824921 0.1830422 0.1840244 0.1847562 0.1850527 0.1851428 0.1851694 0.1851978
0.3348040 0.3262046 0.3112857 0.2861281 0.2526185 0.2223638 0.2034080 0.1930604 0.1864901 0.1816019 0.1784793 0.1772301 0.1773726 0.1787286 0.1809457 0.1826040 0.1832804 0.1834872 0.1835469 0.1835889
0.3293165 0.321283 0.3069786 0.2824455 0.2497151 0.2206046 0.2028048 0.1933832 0.1876977 0.1838181 0.1817185 0.1812603 0.1818236 0.1831433 0.1848971 0.1861036 0.1865760 0.1867177 0.1867587 0.1867936
0.3764437 0.3568734 0.3307583 0.2956296 0.2556199 0.2229978 0.2039163 0.1939464 0.1877444 0.1832467 0.1805538 0.1796981 0.1801774 0.1818769 0.1844536 0.1863441 0.1871085 0.1873412 0.1874075 0.1874477
0.392606 0.3714002 0.3420117 0.3016666 0.2565302 0.2216034 0.2023355 0.1927670 0.1871383 0.1832992 0.1811478 0.1805449 0.1810298 0.1825497 0.1847377 0.1862571 0.1868526 0.1870320 0.1870835 0.1871195
0.4604012 0.4395847 0.4090139 0.3642193 0.3101485 0.2640444 0.2354221 0.2187767 0.2066967 0.1964518 0.188972 0.1850462 0.1837930 0.1841788 0.1853576 0.1862355 0.1865814 0.1866854 0.1867160 0.1867463
0.3667052 0.3519543 0.3293018 0.2951453 0.2545534 0.2218234 0.2029553 0.1930392 0.1869226 0.1827684 0.1805798 0.1800349 0.1803373 0.1809872 0.1816412 0.1819948 0.1821146 0.1821483 0.1821602 0.1821996
0.4607853 0.4372608 0.40422 0.3575247 0.3029016 0.2575801 0.2298974 0.2137559 0.2018343 0.1916670 0.1844627 0.1809853 0.1801647 0.1808993 0.18226 0.1831622 0.1834997 0.1835993 0.1836285 0.1836598
0.443939 0.4173499 0.3826476 0.3366318 0.2842263 0.2402194 0.2129779 0.1981992 0.1895437 0.1841545 0.1814823 0.180867 0.1813445 0.1824170 0.1836156 0.1843112 0.1845575 0.1846284 0.1846496 0.1846783
0.5455647 0.5079006 0.4588757 0.3952732 0.3269697 0.2746205 0.2444747 0.2272787 0.2146347 0.2043187 0.1975172 0.1942220 0.1927007 0.1912780 0.1895487 0.1883898 0.1879393 0.1878031 0.1877675 0.1877869
